60796.384968753984 0.5121351156558376 1.0102190908035733 0.001584043014416278 i
60804.40261660617 0.8672662100289017 1.0022341116403624 0.0016998222672376599 y
60813.43083105181 0.04844229784794152 0.9935078976532314 0.0018455606779942577 y
60816.3593267003 0.1358423630881589 0.987159826254911 0.00168940134263784 r
60816.38330359661 0.22661983847501688 0.9940053878726329 0.0016797793989056287 i
60829.37396881414 0.40979088211315684 1.0035351905030732 0.001672690449703886 i
60829.397709449746 0.49967386515345424 1.0139941916300794 0.0016783373239697586 z
60830.204547688256 0.554395268933149 1.0133920218200778 0.0016998992862327469 g
60830.23184052505 0.6577270258276258 1.0118398376775255 0.0016805706846317828 r
60833.3542476012 0.47928340669022873 1.0018029296259898 0.001680191666466074 g
60833.378082426934 0.5695229973061942 1.007269733463101 0.0016427545321920554 r
60841.28410544755 0.5020380753558129 1.0152927478093594 0.001709032495374828 y
60841.30746383448 0.5904738498211373 1.0052564548219165 0.001599082294180562 y
60842.16347899953 0.8313810377148911 0.996965033243166 0.0018643858858006877 i
60842.18802835861 0.9243258797214366 0.994939189038335 0.0017229182264469618 z
60845.12007415826 0.025166957319015637 0.9961528894901608 0.0017069927792787583 g
60845.14406416798 0.11599408061010763 0.9927302013050809 0.0015938293392866161 r
60850.1559517585 0.09119823592482135 0.9930190471638392 0.001591299826686507 u
60850.17924756192 0.1793970667931717 1.0027293492368958 0.0016753811623093956 g
60853.378457424355 0.291731826699106 1.0071032477011748 0.001712896083928857 u
60853.401295969226 0.37819945864612237 1.006550959804313 0.001577469092740229 g
60857.25205056779 0.9573082953866106 0.9890104551613242 0.0016610500947431969 r
60857.27604070464 0.04813589999685064 0.9901316756916733 0.0023147659850928527 u
60858.030849142444 0.9058704255148768 0.9871544239120932 0.0016122585590853868 y
60858.05382204398 0.9928467370918952 0.9920961765683328 0.0016937138187245653 y
60863.08478647214 0.04027655237587169 0.9972935575122586 0.0015931239499480106 y
60876.036384138075 0.07553630426991731 0.9943959224965724 0.0016874622991586397 r
60876.05956821897 0.16331214923411608 0.9981437294787208 0.0016520535974892958 u
60878.16109653425 0.11978126398753375 0.9926882668152911 0.0016059799770187766 i
60878.18543729431 0.2119363419187721 1.0026638988630971 0.0017032402098320434 z
60881.11917510498 0.31918343997676857 1.0083297748711741 0.0017033463773628436 i
60881.143735074074 0.4121684519632254 1.006492635077624 0.0016564259519081764 z
60883.11889281849 0.8901935996254906 1.0008745806192028 0.0016770488383956198 i
60883.14314861314 0.9820269951596856 0.9963238107711413 0.0015874197606750146 z
60886.09050996449 0.14085335572599433 0.9906638661646959 0.0015966719755049449 r
60887.074516820954 0.8663421370147262 1.0019560289196003 0.001697814295047339 y
60887.09754449625 0.9535258242394775 0.99212097518195 0.0016595743550069408 y
60897.211675215905 0.2460237689083442 0.9990336422548911 0.0015864318401999596 y
60897.23417416476 0.33120567695004866 1.002848352619483 0.0016361163830247466 y
60903.084081412424 0.4791853171773255 1.0012627795439668 0.0016922920724231104 r
60903.10831232868 0.5709245221223682 1.011893350848588 0.0016265787941621335 i
60906.998462466676 0.2991864254581742 1.0003642877531485 0.001582956579338756 r
60907.02346018697 0.3938287807395682 1.0120752508579693 0.0016910236890944712 i
60911.05495418612 0.6572241189423949 1.0139605131098406 0.0016774671452500804 i
60916.10088496615 0.7613171328848694 1.0023168104602078 0.0017030737408598882 i
60917.00714962667 0.19247089311829768 0.9970067909217497 0.001586205350988801 r
60917.03173584181 0.2855552736436948 1.0048588970550318 0.001680387485336437 i
60922.98266595017 0.8160114502243232 0.9976190636119665 0.0016972250433198279 z
60922.993614935665 0.8574647412751801 0.9912598107699375 0.0016838324994676922 y
60924.16500514835 0.29239430220331997 1.0044139535127559 0.0017132201152228318 y
60924.18805446798 0.3796599357156083 1.0066801492954207 0.0015866854927687577 y
60950.02791366666 0.21038634041906334 1.0050156327317976 0.0016799768693345676 y
60952.057808637976 0.8956487887189724 1.001623204990465 0.0017145593818132757 r
60952.05825494703 0.8973385324061383 0.9989078690071964 0.0017284019617006894 r
60952.08245883004 0.9889753884053789 0.988812266399555 0.001651772946853942 i
60952.082904082345 0.9906611312180758 0.9902629134171663 0.0016400790335480435 i
61141.41614295019 0.8137733850453515 1.003867834792774 0.0016858696802923329 z
61144.38314012601 0.04694175175973214 0.9953860881145496 0.001971193096209945 r
61150.35304151974 0.6492239632352721 1.0046711003550135 0.0016717229044035551 g
61150.38747914563 0.7796061735716648 0.9939027242692686 0.001630988431869827 r
61150.39897564372 0.823132368910592 0.9993373020570919 0.0016136374098600144 i
61151.36467954594 0.47932544333161786 1.0021478562127675 0.0016740509588453246 i
61151.38947418299 0.5731989174382761 1.0112597500887435 0.0016492013962074246 z
61159.3097072338 0.5595137304335367 1.0058250429841054 0.001591739794779526 y
61161.25308592153 0.9172221157059539 0.9993364681431954 0.0016684624565994949 y
61161.27566346799 0.002701597346458584 0.9929641457040942 0.001725710840673438 y
61163.32885790135 0.7761767282208893 0.9961008199713738 0.0015971195081484776 i
61163.353510496745 0.8695124270161614 0.9983907384231382 0.0017098071417089413 z
61170.320224955045 0.24576822892413475 0.9985643025122884 0.0015886394963293212 r
61170.34499295606 0.3395408579381183 1.0072089736462344 0.001695543400066565 i
61175.288153422254 0.05454140901565552 0.9956907419748516 0.0017130288324498906 r
61175.312600896475 0.1471005109779071 0.9897483290427588 0.0016634784308593473 i
61181.38061314196 0.12083427803008817 0.9893959048683318 0.0016353549779006824 i
61182.27577779357 0.5099629665783141 1.0115185289193285 0.001574657900192308 r
61182.30025094455 0.6026192817371339 1.0138984119774528 0.0016773753641187903 i
61186.19257526376 0.33911272094701417 1.0088721224672725 0.0016870461431862979 y
61190.29885908182 0.8856652642716654 0.9932433111035782 0.0016758218741829472 z
61191.195318412436 0.27969565865350887 1.0105802481468802 0.0016129675019726526 y
61191.21930400519 0.3705060591455549 1.0102541333525081 0.0017068385966501184 z
61212.041380102855 0.2037076732085552 0.9966110560473324 0.001679939581022559 z
61212.06517819443 0.2938081868342124 0.9978759792442814 0.001637619050733417 i
61212.125830678066 0.5234408828546293 1.0163746888071776 0.0016841342920554919 i
61212.2793393204 0.1046306591888424 0.9947094957090716 0.0017073525807450242 r
61212.30345692529 0.19594086284632795 0.994433944154382 0.001601227800254336 g
61213.10639255283 0.23588682751869783 1.003243644102244 0.001699708398523792 i
61213.13028194277 0.32633300035377033 1.0008032952377348 0.0016496391285447417 z
61215.14745357315 0.9634243778709788 0.9901202228888004 0.001644721122494245 z
61215.17174349348 0.05538697459269315 0.9940582766604403 0.0017224268001330317 y
61231.24796658607 0.9206018698750995 0.9997012966179838 0.0017037277978245108 u
61231.27112902812 0.008295789361000061 0.9875955220918994 0.0016063479313515004 r
61235.99462937765 0.8916544723324478 0.9974659829864664 0.0016941162634227173 i
61236.01846872349 0.9819111762044486 0.9964453989734154 0.0015873325426699854 z
61236.215081918555 0.7262964898545761 0.9981792286070323 0.0016219005212048617 z
61252.09870276072 0.8623116661910899 1.0016753139954864 0.0016671079417662472 i
61252.12531751413 0.9630761726584751 0.9901018539029345 0.0016340366803646036 z
61269.0094567606 0.8870935018348973 0.9958937608660919 0.001657405066404388 u
61271.053887838454 0.6273902230022941 1.0072379248487129 0.002505380742044141 r
61272.08578163711 0.5341808567754924 1.0079293544360102 0.0015884469855203898 i
61272.110400187295 0.6273876590712462 1.007275518403935 0.002498741840586364 z
61280.9735612812 0.18366524524753913 0.9991207502855453 0.0016969625288829368 z
61280.984615526235 0.22551705306977965 0.9946880881756278 0.0016427266659681957 y
61281.13763909991 0.8048703403328545 0.9943423405608554 0.0016161401243332187 i
61281.16183213383 0.8964661212812643 1.0028406964558634 0.0017274651195606319 z
61288.08480768796 0.10712470635189675 0.9940794640736791 0.0017237086840241386 g
61288.109525140004 0.2007059549796395 0.9931173312637377 0.0016581792454870117 r
61436.37099357047 0.5244748988479842 1.0174574918985615 0.0016882833863307997 z
61436.37122916288 0.5253668610239401 1.0131614220655598 0.0016714840579762757 z
61436.37361874435 0.5344139107328374 1.007655510767267 0.0015871447628848828 z
61436.37385437918 0.535306033474626 1.0066072463766342 0.001582159898258499 z
61436.37624433927 0.5443545166926924 1.0071975219811824 0.0016555163281343683 z
61436.37648001701 0.5452468019211665 1.0072619305761148 0.0016749328702454203 z
61436.378870353685 0.5542967108776793 1.0132042043476095 0.001700655770049414 z
61436.37910607486 0.5551891605427954 1.0149049038957925 0.0016938057594071334 z
61471.40107682195 0.1497521559940651 0.9863317173087703 0.002067640849855171 i
61497.39508977636 0.5641107617993839 1.015217104476312 0.0015642497847911184 i
61497.406294656976 0.6065328819095157 1.0145095303339813 0.001707637024649201 z
61498.361238650825 0.22198851872235537 0.9947461337289197 0.0016013153747306017 r
61498.3857000419 0.314600310404785 1.0107378840332601 0.0016888189471175828 i
61506.29032508815 0.24182260237284936 1.0033005313147698 0.0016643113914655372 u
61506.31382072703 0.3307780181639828 1.00083196848414 0.0016721131356355755 r
61507.376550270325 0.354313997697318 1.0028891146106604 0.0015943016718425213 u
61512.336230084446 0.13185745174996555 0.9953685646028954 0.0016969204990314106 r
61512.36141200184 0.2271971845475491 0.9988872440426135 0.0016975450907944596 i
61513.26405282015 0.6446309352177195 1.0039117407420681 0.0015934419714692017 y
61513.286644881664 0.7301653714384884 0.9990144700481777 0.0021065981527791764 y
61515.34795595805 0.5343704330152832 1.0077065980683333 0.0015873877009091252 z
61516.29370332059 0.11500726084341295 0.9878422629575768 0.0016085525413935095 z
61516.31809611555 0.2073593449604232 1.0047823891385972 0.0017547528484609784 y
61524.39590319814 0.7902556591725443 1.0034574592449215 0.0017058002849857123 y
61525.28333062008 0.15009089090744965 0.987347750853235 0.0019377412742670474 r
61525.30731359146 0.24089136678958312 1.004897740001453 0.0017060899285307246 i
61529.37302621949 0.6338397839863319 1.0109369113585918 0.0017001236100119333 i
61529.38448833537 0.6772358069138136 1.0035225305845723 0.0016757919166279034 z
61557.280478693865 0.29255590471439064 1.0037136861810763 0.001713061216797782 g
61557.30534335724 0.38669450127054006 1.0084371526051104 0.0016593412751538719 r
61558.24942482824 0.9610241979826242 0.9904184829056399 0.0016626718657736116 u
61558.27359026295 0.05251548721571453 0.9966576676660053 0.001690590228358111 r
61578.1694202478 0.37891277435119264 1.0029988060969894 0.0016518512280345342 y
61578.19220392463 0.46517267369199544 1.0096098991955489 0.0016454570245247083 y
61620.159967502106 0.35678136232309043 1.0032449233895608 0.0015970498147339451 i
61620.1842755108 0.4488124422787223 1.0160956155164285 0.0016924981991015492 z
61622.163101618535 0.9407261582091451 0.9923886524354296 0.001662551046280601 g
61622.18729350467 0.032317593577317894 0.9870279529270373 0.0016493039118757908 r
61633.04284356114 0.13185839919606224 0.995369416846073 0.0016969307782292661 z
61633.0674637348 0.22507134801708162 0.9949640103750678 0.0016277513224353059 y
61637.135462865306 0.6266765538020991 1.0083246268253239 0.0016685025482928164 z
61637.15953456695 0.7178129659441765 0.9991291166210943 0.0015960311337708452 y
61639.08670204472 0.014145070716040209 0.9922028585142815 0.0016074948692464707 g
61639.11120069325 0.10689792060293257 0.994172425676712 0.0017209368283993855 r
61643.040557836364 0.9835990921710618 0.9946734034693099 0.0015886036356699495 r
61643.06489216458 0.07572981886914931 0.9943795654413702 0.0016929169879807112 i
61644.9992449615 0.3992658254574053 1.0132476456445596 0.001667344098484318 g
61645.02373732255 0.49199487068108283 1.0118216199354602 0.0016259063018911814 r
61646.01254656251 0.23566566538647749 1.0032601670548318 0.0016990933627980282 r
61654.99793569345 0.25470342210610397 0.998299675681844 0.001675472676255555 r
61655.02210266106 0.34620051496312954 1.0027721281962323 0.0017006696202731262 i
61665.1012246191 0.5061539069574792 1.0061211102842926 0.001603776894972943 z
61665.1256292929 0.5985509648162406 1.0088921923139424 0.0016750730526636076 y
61671.10935858668 0.25318615141441114 0.9990168354685823 0.0016290164184149043 z
61671.13325049614 0.3436418632627465 1.0100656977355111 0.0017042697102111338 y
61800.369224310445 0.636137563851662 1.009742719147102 0.001658147175583977 r
61800.372325165634 0.6478775239374954 1.0040525557203188 0.0016300251347530386 r
61800.37542591716 0.6596170915581752 1.0137005322814274 0.001715877583418526 r
61800.37852655418 0.6713562256481964 1.0018827739404683 0.0016777713524293947 r
61842.36417143603 0.6306642380950507 1.012469923344031 0.0016894090240348618 z
61842.375455465626 0.6733860193635337 1.000645601226997 0.0016697065611253968 y
61857.36035532712 0.4068081049772445 1.007615361430595 0.0016081459658481108 g
61857.38509897873 0.5004885462112725 1.0120649299744067 0.0016870745248702707 r
61884.40833874085 0.8115404528507497 1.0039568161967176 0.0016737192486264616 z
61889.308906475795 0.3652832429797854 1.015501280482058 0.001663828810579849 i
61899.32572892068 0.28936822022660635 1.0098178757544034 0.001674741293711169 i
61899.35032170015 0.3824774535605684 1.0023453830713764 0.0016940525981948306 z
61910.29815336509 0.8314000696700532 0.9968600936531093 0.0018611859608333207 g
61910.324515067274 0.931206514214864 0.9891020458547198 0.0016553439234668057 r
61917.28890191155 0.29864987757173367 0.9999101306938394 0.0015852183607682345 r
61917.312661853124 0.38860595380538143 1.0148697191131832 0.001646812142541991 u
61922.251911878426 0.08880142139969394 0.9910100926659585 0.001666793013366066 y
61924.344337340895 0.010806776263052598 0.9886043142272732 0.0016670743204459434 i
61924.370468568035 0.1097406331973616 0.990864218262623 0.0016597068504015581 z
61936.03282310329 0.2638750268961303 1.0062311621012545 0.0016934883112611483 g
61936.056547342625 0.35369593303767033 1.0024776106130282 0.0016562451383110124 r
61963.258776444396 0.3424085414153524 1.011006630258947 0.0016830114682478247 y
61963.28236237742 0.43170581437880173 1.0111012791490055 0.001605905069687839 y
61981.25432770864 0.47427561922813766 1.0142671963637508 0.0016997955002969868 g
61981.278164360665 0.5645221242448315 1.0130944847583783 0.0015949741455862669 r
61983.088204343534 0.4174049122084398 1.0110225363012693 0.0016690845030197464 z
61983.11240462332 0.509028126281919 1.0069832938223975 0.0015884148455910377 y
61983.13549612051 0.5964534456434194 1.0055899849231287 0.0016335884235165637 y
61987.12628921436 0.7057535506028216 1.0066966894730653 0.0016689468519324947 y
61987.14918295338 0.7924301497696433 1.002086993376254 0.0017070440431892291 y
61990.078248560625 0.8819881013478152 0.996387868967535 0.0015980298684273712 y
61990.10121342927 0.9689340000622906 0.9907628104116205 0.0028164048807196415 y
61995.09163447043 0.862864952563541 1.0009337628462898 0.0016771074216953572 i
61995.116212397654 0.9559179547359236 0.9912518839421147 0.001593797378479339 z
61996.035513943025 0.4364298753789626 1.005933182188045 0.001615782395636169 r
61996.05990881095 0.5287898078095168 1.0113645852830557 0.0016865063483143224 i
61996.22256293513 0.14460473926737905 0.9906271069422645 0.001604347609375546 r
61996.246334022166 0.23460301262093708 1.0036121773340492 0.0016999478810169595 i
61997.050181438724 0.278001046506688 1.001355001886711 0.0016710654785933466 g
62006.992540355284 0.9201641676190775 0.9990604677743412 0.0016988270290958607 u
62007.01499226195 0.0051679720636457205 0.9974538715709741 0.0016772500911187006 r
62015.042384047854 0.39718998395255767 1.0080346385087968 0.0017089857357547554 y
62015.06685575151 0.4898408194712829 1.0094745908099065 0.0016152797075527528 z
62023.00910695117 0.5595172127359547 1.005804755560682 0.0015918467189217423 i
62023.035297934344 0.6586773083545268 1.0119216220545006 0.0016962689869553249 r
62029.05984881406 0.4678646298998501 1.0102794589941326 0.0016685695337430137 r
62029.08399956159 0.5593003128888085 1.007068384766694 0.0015851868062205373 i
62033.011697679394 0.4297203491732944 1.0075130314582599 0.0015849336040507382 u
62033.03507471106 0.5182267133786809 1.0104858063237283 0.0016382208712499445 r
62034.01263476159 0.21930763305863366 0.9940052772029035 0.0015930813941195815 r
62034.037689184115 0.31416466523660347 1.0103103663250972 0.0016902212579387307 i
62035.06270464976 0.19491365883732215 0.9971528326376086 0.0015878514134016423 i
62035.087149821804 0.2874640446389094 1.0073238405434002 0.0016972618023216655 z
62041.989363667104 0.41951798094669357 1.013383176009936 0.0016729922289019307 z
62042.00054412949 0.46184765265206806 1.0007220281247837 0.0017963208295783658 y
62045.036661711885 0.9567086057213601 0.9876224919543609 0.0016145970008420313 y
62045.05956425474 0.04341853657388128 0.9882202418164239 0.0016783868834310434 y
62096.015900905906 0.9661195148073602 0.9941078738618195 0.0016626272286306989 z
62096.018986618146 0.977802143082954 0.9899480237413651 0.001730377100750089 z
62096.02207248602 0.9894853605946992 0.9890157829984567 0.0016679924036479246 z
62096.025158492506 0.0011691029067151248 0.9929641457040942 0.001725710840673438 z
62164.36807907539 0.7501628120371606 1.0053967306221125 0.001578553449957634 r
62164.371159959155 0.7618271594983526 1.003488352516889 0.0016860758259314376 r
62164.3742410149 0.7734921580995433 0.9946941494611944 0.001638014126826013 r
62164.37732225305 0.785157847305527 1.003531252692923 0.0016750876519819164 r
62168.371625822336 0.90774875076022 0.9880637195736918 0.0016594695164103845 r
62168.37471972031 0.9194623705698177 0.9969620552336199 0.0016993920237860125 r
62168.37781391114 0.9311770991189405 0.9892543684108951 0.0016644638188516088 r
62168.38090839502 0.942892937164288 1.000942640927842 0.001679589136134954 r
62184.39409079659 0.569433289085282 1.0071793715702457 0.0016401012245305185 r
62212.36409196069 0.464961216901429 1.0095659568595563 0.0016396364712625265 r
62212.38798801398 0.5554326174606103 1.0151719686924685 0.001692361334000141 g
62215.35525333427 0.7896161897224374 1.0041219550906644 0.0017014955082531678 r
62215.37914745279 0.8800802651385311 0.9962647618931952 0.0016283308076599622 g
62228.3306244727 0.9148832464416046 0.9986064551404188 0.002416163122301669 g
62228.354450814804 0.005090717691928148 0.9977236437084775 0.0016814331241473035 r
62237.31600714037 0.9338965329807252 0.9881242423472549 0.0016901610199515258 r
62237.33971523218 0.023656303965253755 0.9948434349152243 0.001704065083725876 u
62239.31788425901 0.5130822856735904 1.0155486108772291 0.0015707614719527644 r
62239.34190306064 0.6040184162557125 1.0137723553698006 0.00168034947949792 u
62252.36869949268 0.9239836635242682 0.9952734384506893 0.0017245446652284935 i
62252.392960029385 0.01583501265849918 0.9878322219272854 0.0016265113410283282 r
62269.394187316226 0.38315228224382736 1.0002792056388208 0.0018191900369137304 i
62269.40554695521 0.4261603236373048 1.0059235742316839 0.0017047239776858598 z
62277.40229531464 0.7021651138784364 1.002623299789501 0.0016593190066437685 i
62277.413535451175 0.7447207142540719 1.0018772260151445 0.001582341023502242 z
62291.29565030182 0.30295523986569606 1.0047108182248177 0.0015874187296839738 i
62291.319718104096 0.39407688882783987 1.0119543663797403 0.0016933790302453501 z
62336.12061615259 0.012044462433550507 0.9941576803288488 0.0016140291785629397 z
62336.14540575504 0.10589887533569708 0.9945819436908243 0.0017087261438391006 y
62337.09028561726 0.6832513127301354 1.008568952230631 0.001678215056592847 r
62337.270280057775 0.3647173659701366 1.004214973236534 0.0016940345242087455 i
62358.09634154198 0.21300781072932296 1.0006084294699407 0.001718338441572725 i
62360.04637497869 0.595911338168662 1.006436551437475 0.0016504222021398412 g
62360.07045458689 0.6870776848227251 1.0067133442029785 0.0017094665262703836 r
62361.078763452984 0.5045748334086966 1.0006741330995985 0.0017147854523020265 i
62361.10358808929 0.5985618858831003 1.0089093857814289 0.0016752890489769843 z
62362.990040876924 0.7407465674332343 0.9990728188240267 0.0017230413848124807 u
62363.012500885045 0.8257810443174094 0.992873088452317 0.0016666599869481654 r
62366.03856053616 0.28256227273959666 1.0073082179777053 0.0016548965257122432 y
62366.06283064697 0.3744498698215466 1.0102179040192536 0.0015883011014542888 z
62369.07924478266 0.7947127962834202 1.0001561031343695 0.0016252902922554787 y
62369.10359310756 0.8868965150031727 0.9962101119740551 0.0016536240157731784 z
62370.138322830375 0.8044240695016924 0.9956920060916077 0.001604056563772571 z
62370.16234527195 0.8953739810967818 1.0006091451266104 0.0017087363833609712 y
62378.08320558801 0.8840636450622696 0.9908612925584622 0.0016298658687456166 g
62384.16407893678 0.9064900565717835 0.9864413226950898 0.0016287569900820277 u
62388.978278044815 0.1332378176448401 0.9966102261821227 0.001711896606058408 i
62388.98935898294 0.175190686568385 1.0007078974282029 0.001635437233872908 z
62393.06086339256 0.5900670173869003 1.005281855982064 0.0016335141491086945 i
62399.994610182854 0.8415059275284875 1.0019040625991034 0.001696559586055387 z
62425.031959874534 0.6338996767590288 1.0109717349372591 0.0016998767750721602 z
62425.05593207118 0.7246593590534758 0.9962646767317005 0.0016043015205901758 y
62464.02013484057 0.24466832660255022 0.9965441573123207 0.0015981417513656778 z
62464.02326448414 0.25651728064985946 0.9949114721333381 0.0023833792402090243 z
62464.02639408897 0.2683660880138632 0.9979550666049504 0.00164667280004589 z
62464.0295236432 0.280214703787351 1.000836305532225 0.0016606270967649 z
62599.41705254821 0.8627406795276329 1.002214625979044 0.001675442327770619 z
62618.2951428862 0.3359355099964887 1.01267162977175 0.0016569518026286634 r
62618.319650534104 0.4287224318832159 1.0114692382782502 0.0015742558932394855 g
62618.41927011737 0.8058861044701189 0.9958064483981268 0.0016452308588821823 z
62622.32188137828 0.5813263108138926 1.0141000939523934 0.001678827713682525 r
62622.34760044681 0.678699718991993 1.0084750232558355 0.001660701071312192 i
62627.39677445564 0.7950717251223978 0.9998095698981778 0.0016060945876294305 i
62627.40830986752 0.8387452495808247 1.0018613267738672 0.0016760356820337136 z
62653.350374925154 0.05642706871731207 0.9877553015462329 0.0017341011049631155 i
62653.37527834453 0.1507123970077373 0.9892198676787196 0.0017034150332213358 r
62670.28699098169 0.1791236712015234 1.0018011641168634 0.0016750664481030187 y
62670.31010491548 0.2666339364950545 1.0047949728329955 0.0016931193625201334 y
62670.33697346094 0.3683593096502591 1.012004718347634 0.001673669050227835 i
62672.320876332116 0.879493852291489 0.9955623161441358 0.0016341539993889877 z
62672.344887472675 0.9704009777633473 0.9935154807926956 0.0017036828026185875 y
62677.109459060775 0.00925699036451988 0.9890886634750425 0.0015975332557874628 r
62677.131952538504 0.09441818451159634 0.9888251738759318 0.0016979450572268413 u
62681.1238982934 0.20808230963302776 1.0039956682900486 0.003571639373274572 i
62681.14792078955 0.29903242786531337 1.0002339376097935 0.0015836057458055697 z
62683.10751405091 0.7181298286013771 1.0007926517109655 0.0015910310305146007 u
62683.131243305004 0.8079697208013386 0.9968703334066217 0.0016523127340304497 r
62684.27220446256 0.1276936784852296 0.9947110713750051 0.001688634241862528 r
62684.2726534825 0.1293936856673099 0.9929675525542763 0.0017003737749529135 r
62684.29680708092 0.22084016224835068 0.9936635157573912 0.0016098325589072684 i
62684.29725513341 0.22253650665516034 0.9970694357046703 0.0015934327472913216 i
62697.08071097692 0.6212046850414481 1.0021472568823215 0.0016695597447726762 y
62697.1038606908 0.7088504151033703 1.008493475039452 0.0016892130288075227 y
62697.23820055417 0.21746643807273358 0.998997404679261 0.0015878835067478702 y
62697.26105116821 0.30397976434323937 1.0021802673617537 0.0016197771246147853 y
62705.167027900716 0.23631959379417822 1.0032113122713855 0.0017009118899065792 i
62710.08765829409 0.8660204002808314 1.0023088936752078 0.0016953112818648625 g
62710.11204024538 0.9583314298070036 0.9892590176335619 0.0017038190050337814 r
62713.00171892641 0.8987689247587696 0.9924596634004592 0.0017299379941910532 u
62713.02533694582 0.9881876780709717 0.9884979117513301 0.0016267201420095832 r
62713.97095513852 0.568335463758558 1.006073546780294 0.0016076307516930414 i
62713.981704673664 0.6090336279303301 1.0031783705774016 0.0016152206940012314 z
62720.03060675684 0.5104155665030703 1.0137142484144528 0.0015679975192947895 i
62720.055475483525 0.6045695469074417 1.0137177753773674 0.0016716036974638534 z
62724.170444589734 0.1840049338643439 0.998812775293823 0.0016737736192217745 r
62724.19423671926 0.27408287493744865 1.0040521094513108 0.0015978557611474066 i
62725.157324101216 0.9203697003831621 0.9993613831151394 0.001701128293320755 z
62725.18131849346 0.011213416088139638 0.9904653617301631 0.0017018045030018907 y
62731.050188186025 0.23098562087398022 1.0035401689287644 0.0016653718095121495 r
62737.00238360726 0.7662323218828533 1.0004400789095333 0.0017121446600312348 u
62737.02610832525 0.8560550402326044 0.9903323005351065 0.0016357792353954444 r
62738.9997959952 0.3285144279943779 1.0013121486809122 0.0015973642703384543 z
62739.024135166015 0.4206634889706038 1.0147636522187862 0.0016748028348750352 i
62740.041444885675 0.27223822425003164 0.996948225815556 0.001605735266904199 r
62740.06636563969 0.3665891821437981 1.014260389543958 0.0016896963160038178 i
62752.04252783934 0.7088117741513997 1.0085115208116613 0.0016890345008927494 z
62752.06750744823 0.8033855589455925 1.0019503626165038 0.0015911515766046651 y
62753.0069941019 0.3603190960129723 1.0081324588482732 0.0016409897373805755 y
62753.03113844951 0.451730548607884 1.0132284486115495 0.0017056299858393285 y
62754.00519441363 0.13954485891736113 0.9895974888579548 0.0015977099748980448 y
62754.03052008083 0.23542883413028903 1.0028905240590802 0.001697340819659991 z
62754.213671970116 0.9288491129991598 0.9876265843841739 0.0016393511977107506 y
62754.23608206615 0.013694620720343664 0.9892436184566578 0.0016109327726272545 y
62755.10512454062 0.30392371604102664 1.0022263372798808 0.0016179498927885467 i
62759.04127369897 0.20633972526411526 0.999390286120916 0.0016729177155337055 r
62759.06626315465 0.30095079040620476 1.0007111327336071 0.0016526639867736554 i
62769.10496274863 0.30786351722781546 1.0058799309687565 0.0016648210618924275 i
62769.12886300482 0.39835083013167605 1.0119414052865248 0.0016967143807586037 z
62770.10400736115 0.09028583625331521 0.991032444440986 0.0015989159954716775 u
62770.12699015959 0.17729961790610105 0.9909218226936698 0.0025905667722293845 g
62772.09552902843 0.6302654415194411 1.0129180582636055 0.001686263087764627 i
62772.11945436748 0.7208477190870326 0.9996894832677333 0.0016598028299815762 z
62781.0244509394 0.4355160756094847 1.0056026621032494 0.0015908635363508458 z
62781.04901403944 0.5285129414696712 1.0126159639182113 0.001701103473912715 y
62943.400523305936 0.19773239502683282 0.9929489994014081 0.0016069548010022193 i
62946.29225662129 0.14594881658558734 0.9902427975704101 0.0016249957463648924 g
62946.31600408372 0.23585764627205208 1.003245824223904 0.0016996272476096218 r
62949.3229408203 0.6202387658122461 1.0098314823799375 0.0016773015412070865 r
62949.34729100238 0.7124295158719178 1.0057018022278394 0.0017047898850214272 g
62953.30308415781 0.68921847306774 1.0078038733112005 0.0016989870912318121 g
62953.3270681034 0.7800226373365149 0.9940135018182149 0.0016418744515053643 r
62960.32731102388 0.2832185198785737 1.0060470432856758 0.0016780359625319147 i
62960.35158266924 0.3751119268126786 1.0086405723850058 0.0015880829530030389 z
62992.24941262064 0.1415546107746195 0.9910058120439924 0.0015952229836717667 y
62992.27207565489 0.22735775259207003 0.9985985365081707 0.0018188019916803193 y
63001.293643011115 0.38336769765010104 1.0011468713926277 0.0017961318343341006 r
63001.318242111454 0.4765008620743174 1.0146321255698505 0.0016960063152773627 g
63020.358803057534 0.5648158248513937 1.0065706206157543 0.001656950858929489 i
63020.38290824565 0.6560790180810727 1.0109674032155114 0.001684968239209691 z
63040.298847651095 0.058611364947864786 0.9946070653220003 0.0016913144433250674 i
63040.32318577603 0.15075646620243788 0.989384651059146 0.0017030423458422694 r
63048.105359857196 0.6143745731678791 1.0023882201767476 0.001678027979103911 r
63048.12951800988 0.7058382923714817 1.008670713689343 0.0016650339726002176 i
63052.23448987642 0.24742373550543562 0.9960453324536898 0.001654485781476874 i
63073.02456096403 0.9594531187904067 0.9883249637421198 0.0016328195652661683 r
63073.0489180904 0.05167016017367132 0.9961473165718385 0.0017016880193774784 i
63074.03172862784 0.7726296304608695 1.003477805721363 0.0015788591990450135 y
63074.054456793296 0.8586793616123032 0.9930395515979182 0.002050671680176303 y
63090.98906274185 0.9737656159850303 0.9957579417152742 0.0016966395385241378 u
63091.01158998845 0.05905466037802398 0.9941977897722538 0.0016637423221909323 r
63095.13533754514 0.671725607215194 1.0012065195091482 0.001671680731969296 i
63095.15918502077 0.7620130908035208 1.0041997317871376 0.0016842805839615527 z
63097.97276534418 0.4143392014375422 1.0110038198528286 0.0016425851621743469 i
63097.98363697696 0.4554996320803184 1.0087267273247544 0.0015847365888112877 z
63101.122007792845 0.3374953613965772 1.0100693596870045 0.0016645146896900824 r
63101.146814961074 0.43141627905424684 1.0087139980822433 0.0016479668506369902 u
63116.97737815994 0.36655312456423417 1.0142946511121562 0.001688982102309453 i
63116.988483415334 0.4085980596137233 1.0035222330856748 0.0016330786516040262 z
63129.01993411688 0.9601451010967139 0.9859391102186353 0.0016812366215704173 g
63129.044240981275 0.052171848714351654 0.996555600775636 0.0016927417398052477 r
63134.019966922024 0.8904665712616406 1.002267353978485 0.0016749595077937829 z
63134.04408449232 0.9817766439518891 0.9965866326316116 0.0015872312325290305 y
63139.99873499357 0.5263183747883886 1.0131354146315017 0.0016824289278587795 z
63192.018201992934 0.47407279573963024 1.0144769280992234 0.0016979205534122606 i
63192.02129986273 0.48580145300365984 1.0069150515075767 0.0016300564843625962 i
63192.02439711159 0.4975277594057843 1.01351393138395 0.0016850661711604329 i
63192.02749372702 0.5092516675940715 1.0080677703991963 0.0015851252509538562 i
63291.3738043698 0.6383033424499445 1.0010006987000446 0.0016409428386814657 i
63291.385063285496 0.6809300414752215 1.0126765350994391 0.0016657918427359422 z
63328.33683933809 0.5818120615440421 1.0139569697802542 0.0016791159089514583 r
63328.36102871145 0.6733939834521152 1.0006444504408456 0.001669712870172393 g
63332.32392492896 0.6770754139288329 1.0034320656874096 0.0016721185947566686 r
63332.34843943628 0.7698883058328647 0.9991230285704094 0.0015980885181989357 i
63338.29923364367 0.2998299559694715 0.9989934353778672 0.001621238093914874 u
63338.32223815409 0.38692594002350233 1.0090405427907663 0.0016650912207901495 g
63339.29790614665 0.0808434535865672 0.9933485239372914 0.001721923697543661 y
63339.322052182884 0.1722612994199153 0.9893419905777608 0.0016621726513207878 z
63341.36233121206 0.896838200482307 1.00116336422887 0.0017278646782836204 i
63342.309482314784 0.4827896440110635 1.0111753014289078 0.0015790416790874618 g
63342.334462368104 0.5773651114432141 1.0160433890191072 0.0016750625410463192 r
63342.389239090815 0.7847519447677769 1.0028128944980306 0.0016725764424965464 i
63342.40083912022 0.8286701137840282 0.9985053540294414 0.0016424673324610443 z
63347.30240531447 0.3861931102001108 1.0071299624859091 0.0016468845393627267 y
63353.37832763868 0.3898747474013362 1.010520629334443 0.0016663022840042148 i
63353.39002644955 0.43416690692538396 1.0055882983339037 0.001591066563323651 z
63354.32849741093 0.9872549928550143 0.9894562003250247 0.0016821493421401944 r
63354.352983748475 0.07996123287011869 0.99369577786112 0.0017177382293461117 i
63375.21841929767 0.07732344113173895 0.9915496596666524 0.0017059325545180878 z
63376.25024344436 0.9838503698119894 0.9944096090276355 0.0015887928614707288 y
63376.2732609038 0.07099537935573608 0.9891947061665957 0.0016801399138905134 y
63380.25598748465 0.14975534784025513 0.9863412912341901 0.0020664168264402727 z
63380.28028137146 0.2417329617892392 1.0036723883356098 0.0016688800424468505 i
63381.24010618845 0.8756675875629298 0.9925593822166775 0.001602440724106485 g
63381.26487574195 0.9694460943865124 0.9943655810724182 0.0020324131330945808 r
63383.25233475619 0.49404433491872624 1.0148383714835731 0.0016411995485086728 r
63383.276745034964 0.5864626134280115 1.0033685099006984 0.001647415004206479 i
63398.281549015264 0.39524247814551927 1.011386462054338 0.00170444420955522 r
63398.306054068256 0.48801957559771836 1.0158987049408816 0.0015759120243651606 i
63403.21959065117 0.09086293578729965 0.993114854762563 0.0015913077676847848 z
63403.24404135549 0.18343426700448617 0.9993434519975819 0.0016987895812466932 i
63412.234501629064 0.221671569859609 0.9934023670600785 0.0016058745806049803 r
63415.99021179378 0.4409384301980026 1.011298088167261 0.0016704166445613304 g
63416.01393440255 0.5307531629514415 1.0029580458673255 0.0015872722945005871 r
63416.20495250619 0.2539552396920044 0.9986533148468755 0.001652564598394728 r
63423.988361645155 0.7222493242588826 1.0069456527511833 0.0015988390338852725 z
63424.012122457316 0.8122086965595372 1.0023265332160327 0.0016860623256075584 i
63424.1173915447 0.21076161463861354 1.004446249352277 0.0016856092070780867 i
63426.0821471139 0.6494037165248301 1.0045509715945127 0.0016633854267667407 u
63426.10564567576 0.7383701988437679 1.0108594250417733 0.001714880341976311 r
63427.086051487335 0.450225282140309 1.0131041814354502 0.001702271348100776 u
63436.12718287406 0.6803054185002111 1.0080251849076156 0.0016794117336371998 y
63436.150037056446 0.7668322547106072 0.9980604962459079 0.0016778278967277886 y
63437.040874003025 0.1395760813029483 0.989665076520587 0.0015978490951253032 y
63437.06342031814 0.2249373198428657 0.9950469830683156 0.0016232480798989701 y
63438.20522595094 0.5478584941010922 1.0095231034969934 0.0017008023451785062 z
63438.22965793467 0.6403589484398253 1.0077573308991554 0.0015745545706143855 y
63444.99455341423 0.2525201343523804 0.9993316379997228 0.0016086241044201935 u
63445.01781951355 0.34060650429455563 1.0101200485259063 0.0016853476022127079 r
63446.001218656806 0.06379445942002349 0.9836115783762976 0.0016184635505954404 u
63446.02539921489 0.15534300630679354 0.996734102380651 0.0017118904725374764 r
63448.971703853254 0.31016860983800143 1.0098836519121457 0.0016626878370124536 i
63448.98252741572 0.35114704436273314 1.0054278709967543 0.0015913923408397612 z
63449.99672255409 0.19092985201859847 0.9965755939950385 0.0015993449910588103 u
63450.020111808975 0.27948249378823675 1.0082614670622854 0.00170048322200309 r
63452.07641161447 0.06471468607196584 0.9893113527162072 0.0016037812706991817 i
63452.10237781856 0.16302375923260115 0.9989985206210467 0.0016672955210885185 z
63453.003646537705 0.5752626883040648 1.0106848250616112 0.001669728991688673 u
63453.02734773861 0.6649963700328954 0.9969537619962621 0.0016924018229212533 r
63454.97417954352 0.03577839318313636 0.9861931126453399 0.001633105394748228 i
63454.98493580653 0.07650202931836247 0.9943142934205738 0.001714683654280445 z
63462.97463123191 0.32580413299729116 0.9992273495494394 0.001607141763873628 z
63462.98550386529 0.3669683519110549 1.0137891627306237 0.001688705791070831 y
63463.2233587638 0.2674963819445111 0.9962481333270593 0.0017089874406887933 y
63463.24598830468 0.3531727165391203 1.0082868050270963 0.001582898904437284 y
63467.13468662525 0.07593798183370382 0.9943619702153987 0.0016987845773017802 z
63467.158671789766 0.16674676098045893 0.9909782745530378 0.0015973274404488074 y
63468.03599182269 0.48831501917447895 1.015718994450354 0.0015891703399774579 r
63468.06191085036 0.5864454805268906 1.0032206585366283 0.001649820185647712 i
63478.00724628505 0.23987781672622077 0.9957355989244288 0.0017242210498214475 r
63478.03259577616 0.33585199021035805 1.012443324440466 0.0016555832520286247 i
63484.10000694176 0.30731004508561455 1.0056143815625944 0.0016496942371528312 z
63484.12443491947 0.39979533245787024 1.0111846435069536 0.0016412308101894293 i
63484.98166523825 0.6453031403070781 1.007701387189431 0.0015868175077744023 i
63484.99309821829 0.6885888538090512 0.9986610064868434 0.001616981204598521 z
63490.00750912798 0.6733463950513396 1.0006513268174735 0.0016696751712626065 g
63490.03174082034 0.7650885383482091 1.0017873513019766 0.0017037786658569256 r
63493.0943945574 0.3604164199496154 1.0082507439600568 0.001642932818766934 i
63493.11840200648 0.45130956935463473 1.0107201468456732 0.001702496456457734 z
63497.02103197763 0.22682061337400228 0.994109235692949 0.0016833067653798548 g
63513.01756198765 0.7903143538860604 1.0033964674441527 0.0017061954057174774 g
63513.041685625314 0.8816473978513386 0.9942998333533938 0.0016019792941744172 r
63556.0151313637 0.5808084255841095 1.014252686403985 0.001678520453057249 i
63556.018481847714 0.5934934902470559 1.0089243464384994 0.0015908550943154272 i
63556.02182913698 0.6061664594744798 1.0169367757435894 0.001705753427943075 i
63624.3675145695 0.3656279983697459 1.0151736971986616 0.0016706575834396378 z
63624.36944324505 0.37293004008824937 0.9988898145258404 0.0015962606017352653 z
63624.37137216457 0.38023300550412387 1.0096391703326857 0.0015782020588952297 z
63624.373301323496 0.3875368773005903 1.0119725649749045 0.0016450141378342724 z
63624.374272225636 0.39121275109937415 1.013759567622585 0.0016679366737927495 z
63646.39385492762 0.7582216152222827 1.0081367102093786 0.0019328671056587819 z
63689.40522471929 0.6009646049351431 1.0134613484347197 0.001665488999142679 r
63707.360336423386 0.5797259125392884 1.0145716437904664 0.0016778781994923806 i
63707.384675463625 0.6718744791578501 1.000933968521456 0.0016692260277260769 r
63722.33668297534 0.28076483082259074 1.0007135268308576 0.0016667136763559324 r
63722.36145681264 0.37455955625046045 1.0099565792745702 0.0015882649596645167 g
63730.30693753559 0.45646305207628757 1.011013980618343 0.0015754046388027497 y
63730.33040758817 0.545321597106522 1.0073302500077308 0.0016747472920447257 y
63791.978667547184 0.9480660549888853 0.9961733366525123 0.0017095487996818817 g
63792.00245409713 0.038122871570521966 0.9825826556148431 0.0017023803499298996 r
63792.154577313675 0.6140673712361604 1.001590768652333 0.0016758449743475147 r
63792.32244745588 0.2496303527150303 0.9965369064660815 0.0016064940747754686 y
63792.344997910615 0.33500726404599845 1.0101342250553604 0.0016417416157809613 y
63795.97854052395 0.09174295491538942 0.9873735195854357 0.001609839441704195 g
63796.00238216039 0.18200833108858205 1.0007270080652522 0.0017009255733156485 r
63796.18336520896 0.8672172934457194 1.0022076985181976 0.001699762877782346 r
63808.98616237287 0.3391124739428051 1.008874408078318 0.0016870353453861929 z
63809.01017091817 0.4300097736704629 1.005213840367564 0.0015980262681451116 i
63829.08876510118 0.44835952573339455 1.0161603873787237 0.0016857138784369815 u
63829.112231313426 0.537203531130217 1.006446991633035 0.0015895278412393445 r
63839.98934430121 0.7183824454259593 1.002118894934756 0.001587044728631207 i
63841.0568531731 0.7600131515937392 1.0059043623257682 0.001677003547604993 r
63842.12807913554 0.8157169092446566 0.998196898109511 0.001693826575143599 i
63842.152216798575 0.9071030538179912 0.9872314469587715 0.0016437143119131146 z
63875.11107484502 0.6906399671570398 1.0055255476928626 0.0016135027001650283 y
64027.38360186623 0.20043498676386662 0.9930864296281227 0.0016502732390289412 z
64027.39353663386 0.23804840896627866 0.9999774502775595 0.0017257645296866644 y
64046.390568301234 0.16155980515759438 0.9956554181863004 0.0017221772512524974 z
64046.40210956364 0.2052554799884092 0.9888407272325928 0.003056716605791768 i
64049.317921053575 0.2446328204823658 0.9964789446867516 0.0015984484951580339 g
64049.34236805338 0.3371901262726169 1.0093111584634937 0.0016637056169779294 r
64071.26140549543 0.3235306693823077 1.0014562077772398 0.0015920844675994961 u
64071.28522460734 0.41371076682116836 1.0108512847134141 0.0016339053831428579 g
64073.385624177696 0.3659064087551087 1.014909154305861 0.0016761722217565815 i
64073.3972991003 0.41010812637978233 1.0055467069150221 0.0016234041062858082 z
64082.413440988305 0.545577034674352 1.0075635718367302 0.0016741135126911164 r
64082.42721191146 0.5977142930496484 1.007574986861365 0.0016585254003681604 i
64086.28701721638 0.21108946113963611 1.0039488254979552 0.0016905297215328323 z
64086.311025488 0.301985724712722 1.0065178920224664 0.0016256238487417068 y
64094.26326344204 0.4094723640300799 1.0035317304981242 0.0016621129547253883 r
64094.399799614854 0.9264037011889741 0.9992738452507962 0.0016700104329460863 r
64094.41117145506 0.9694579368806444 0.994448897345205 0.0020142828449198538 i
64096.31298734392 0.16980792579124682 0.9885046588770813 0.0016688698085040234 u
64096.33680989243 0.26000103435944766 1.005413473128063 0.0016837435327945916 g
64110.24910993393 0.9325178834260441 0.9882664234916976 0.0016482386624054183 z
64110.27378828365 0.025951089133741334 0.9967747543192518 0.0017052973307256603 i
64114.272035412556 0.16347246486111544 0.9976685521937401 0.0016435806319715948 y
64114.2949827608 0.25035203067818657 0.9966396077509031 0.001625832467571956 y
64118.291919049385 0.38291051326086745 1.0005564424731845 0.0017934582754232703 y
64118.31476081619 0.4693903435836546 1.0117550430333087 0.0016695629076688499 y
64128.16605799716 0.766790141002275 0.9984133979080401 0.0016845369573983886 u
64128.18976623967 0.8565504825673997 0.9906582759174127 0.0016526676540228383 r
64136.20972244274 0.2204210844647605 0.99438981682533 0.0015914926621120376 r
64136.233944752654 0.3121277054597158 1.0119323595110667 0.0016636586882600782 i
64139.30515360449 0.9398455891059712 0.9924981813494066 0.0016463624339120098 i
64151.14406450359 0.7624293421686161 1.0049196411893029 0.0016843284647716816 i
64151.1684367226 0.8547035248775501 0.9909863377755639 0.0016941658808998683 z
64164.99469100398 0.20144773134961724 0.9932223642930369 0.0016786330665663238 y
64165.01840712151 0.2912378880137112 1.0076705417188332 0.0017049226217045344 z
64165.99660439629 0.9947313638404012 0.9978543148350408 0.0020900235078703954 z
64166.020382326504 0.08475554574397393 0.9922289588183711 0.001641974130934795 y
64166.157075143405 0.6022799435886554 1.0138308370816371 0.0016703372867709096 z
64166.1812511467 0.6938112458738033 1.0015141711716373 0.0016072639706511261 y
64169.11077379371 0.7850995680491906 1.0035714350556806 0.0016742531487147858 i
64169.13586201498 0.8800845635705628 0.9962117191760039 0.0016292262976705205 r
64172.17233365839 0.3762860056303907 1.005843363556939 0.0015876960928396995 y
64172.1951696829 0.4627440953627229 1.0043459894736104 0.0017354206509416828 y
64173.197768156926 0.2586214742914308 1.0042542433341997 0.001672919487205969 y
64173.220227651946 0.3436540085240267 1.0100569722692412 0.0017044925241706651 y
64181.17708100716 0.4686147388420068 1.0104849684309256 0.0016662439506038983 r
64181.20136701457 0.5605625210446306 1.007867650385745 0.0015814349888303182 i
64184.03726246863 0.2973745967319701 1.0000501871264296 0.0015872638031231988 r
64184.0615542588 0.3893442727276124 1.0163632071382158 0.0016597427600136304 i
64188.15706693694 0.8951168553612661 0.9996603326945817 0.0017032880528233358 u
64188.18063434212 0.9843439811957069 0.9899325609268856 0.001634889723374682 r
64191.038385414766 0.8039022911398206 1.0021941699010666 0.0015916514265325466 r
64191.062828018155 0.8964429519255646 1.002945143860838 0.001727440239056293 i
64198.9733646684 0.846046809834661 1.0012955864879012 0.0017201607250331844 z
64198.98434701655 0.8876264132268261 0.9950379315306643 0.0016676339986491987 y
64201.97847250306 0.22350363453733735 1.0006615646203978 0.001584470000520194 z
64201.98938701249 0.2648263978480827 1.0065965953558815 0.0017078036881235158 y
64202.1410861822 0.8391654394799843 1.0024736440233368 0.001685191442789008 y
64202.16417366051 0.9265755432425067 0.9990088886464165 0.0016601241083601128 y
64203.14949419858 0.6570379749173298 1.014745451778251 0.0016763184130902638 y
64204.08699464325 0.20645164634333923 0.998892934171794 0.0016780721627418416 y
64204.10987714182 0.29308568869601004 1.00141798908629 0.0017125402976626884 y
64205.00671304813 0.6885418135207146 0.9973935177337379 0.0016039540293676946 g
64205.03101718385 0.7805582302389666 0.9941559671992979 0.0016558744086321113 r
64207.991775332535 0.9901053940702695 0.9892632221859181 0.0016877123146125622 z
64212.982620082 0.8856405229307711 0.9932065143840487 0.0016751119593729894 i
64212.993677797574 0.9275054703757633 0.9975750700293597 0.0016066240407591748 z
64219.04571470596 0.8407559808692895 1.001973937481711 0.0016952794744402087 r
64219.069735157726 0.9316983589378651 0.9883509416560363 0.0016233183347597318 i
64356.369417724745 0.7537135406164452 0.9974767546703359 0.0016534741872143736 i
64356.3725024984 0.7653926153725479 1.0014291763784362 0.0017060027812923263 i
64356.37558803235 0.7770745686430018 0.9978668602320738 0.0016013504246881584 i
64356.378674345404 0.7887594716448803 1.0050936279985063 0.0016969533960765342 i
64360.37027403025 0.9011133619060274 0.9985802840183873 0.0016708815864993193 i
64360.37335461452 0.9127765755110886 0.9929825312792788 0.0016641930400286536 i
64360.37643595825 0.9244426644290797 0.9953368861695436 0.0017224485626236349 i
64360.37951806658 0.9361116481595673 0.991063846095441 0.0016749454701679945 i
64364.38062527388 0.08446139356237836 0.9933641747707511 0.0016574764292266806 i
64370.38808421101 0.828937946120277 1.0007147633528688 0.0016040341185956741 z
64382.35982101242 0.15440580577705987 0.9947099794132133 0.001700586029474051 z
64382.37099749713 0.19672041785088368 0.9929772778287212 0.001607326087084449 y
64387.39894813832 0.23273991674068384 1.0043060086562 0.0016589628175212342 z
64388.37343918184 0.9222014548140578 0.9988461160059651 0.0017227012457329395 i
64390.33824567277 0.36103634838946164 1.0090041896932889 0.0016553097473406013 u
64390.36128324863 0.44825751951429993 1.0161749753482838 0.0016841859084229533 r
64393.33626721935 0.7116642068140209 1.0037710842028473 0.001708564791417457 r
64393.358888190676 0.7973080967494752 0.9961811834104155 0.0015963734002616273 u
64394.403779795044 0.7533089357602876 0.9976539933405448 0.0016700886252556466 i
64397.34506736544 0.889139721984975 0.9954974186460571 0.0016851152398576047 u
64397.36836998032 0.9773643413209356 0.990818206659846 0.0017272168226994476 g
64401.33303076985 0.9877265110553708 0.9883138720242503 0.001612052913794022 r
64401.35678871143 0.07767501525813714 0.9940517635825957 0.0017068891722252049 g
64405.33863081926 0.15308633394306526 0.9951988747829329 0.001687207606128759 g
64405.36241249167 0.24312468396965414 0.9978990918776498 0.0015979490796039519 r
64407.357652313425 0.7971813687763643 0.996016029832166 0.001597720225949445 r
64407.369489976525 0.8419992283161264 1.0029301961476094 0.0017037438959433063 i
64411.28960172165 0.6836969583237078 1.0088725249541792 0.0016822279872516436 i
64411.31349915329 0.774173577374313 0.9985672278269504 0.0015951697118535802 z
64414.331270712544 0.19957576299202628 0.9929884424164733 0.0016252037722292222 g
64414.35517528362 0.2900794122251682 1.009001063914958 0.0016862217926120406 r
64429.36273709277 0.10930052577168681 0.9921260859353109 0.0016807950884344803 g
64429.386632722475 0.19977032259339467 0.9930106302951872 0.001630880413899208 r
64429.38905481873 0.20894047457841225 1.000452852241578 0.0018777311611920347 r
64429.4015210834 0.25613824446918443 0.9925956270093 0.002609428162206037 i
64435.35539580483 0.7977428422891535 0.9967477495736969 0.001591753059178841 z
64435.37949995768 0.8890021159895696 0.99479531652592 0.001686168479019196 y
64437.27328664486 0.05895323056029156 0.9942914355479349 0.001670051061309058 i
64438.31102841754 0.9878845247149002 0.9883769311542203 0.0016170784735740802 z
64438.33530264832 0.07978772014030255 0.9937640748021683 0.0017169150430402641 y
64439.309685563916 0.7688398816389963 1.003049841655733 0.0016572895353472099 y
64439.33228554426 0.854404298850568 0.9923625804205871 0.0016981211678831981 y
64447.340852768815 0.1751557787938509 1.0004646990879624 0.0016351187292584892 r
64447.36529837846 0.2677078213891946 0.9941527671794697 0.001712877701386777 i
